[-0.00401125 -0.01661211 -0.0049181  -0.02823703  0.04209074 -0.20637686  0.99607843], [-2.7755576e-17  0.0000000e+00 -1.3877788e-17  6.5862781e-07 -8.4030694e-07  3.0417496e-07  1.0000000e+00]
[-0.00401125 -0.02761995 -0.0059574  -0.08060175  0.04343047  0.11759455  0.99607843], [ 0.00755052 -0.0204894   0.00491474  0.12433144  0.10811304 -0.24630278  1.        ]
[-0.00401125 -0.04154162  0.01378932  0.02093473  0.0581675  -0.0951628  0.99607843], [ 0.00319713 -0.01041797 -0.00134071  0.05976881  0.1275784  -0.17763878  1.        ]
[-0.00311655 -0.0111082   0.01508845 -0.08060175 -0.09255206  0.05473442  0.99607843], [ 0.01214178 -0.02132944  0.01444784  0.11335605  0.10941029 -0.3546308  1.        ]
[ 4.62235402e-04 -4.24122512e-04  1.85814697e-05 -2.05466349e-03 -3.46005667e-03  6.38048095e-03  9.96078431e-01], [ 0.0089028  -0.01860344  0.00944347  0.10133994  0.09524224 -0.30944023  1.        ]
[-0.00401125 -0.00754684 -0.00933513  0.01007863  0.0695552  -0.03552627  0.99607843], [ 0.008379   -0.00881721  0.0014504   0.04612945  0.05064768 -0.15126154  1.        ]
[ 0.00225163  0.00443227  0.00651421 -0.03270719  0.01797561  0.00315688  0.99607843], [ 0.00594768 -0.00969011 -0.0122269   0.13764085  0.09351511 -0.09295803  1.        ]
[-4.32461563e-04 -8.19435821e-03 -2.57967129e-03  1.90189461e-02  4.00811493e-02 -3.55262690e-02  9.96078431e-01], [ 0.00916     0.00232434 -0.01685607  0.0353371   0.1272909  -0.03470847  1.        ]
[ 0.0042647   0.00119468  0.01300985  0.06563632 -0.0691068  -0.04358526  0.        ], [ 7.8553138e-03  8.3095662e-04 -4.1636708e-03 -7.8494698e-03  4.1898504e-02 -7.5026006e-03  1.0000000e+00]
[ 0.01164595  0.01803019  0.0156081  -0.08060175 -0.09255206  0.04506363  0.        ], [ 1.1847387e-02 -3.7876154e-05 -5.3120628e-03  2.3219308e-02  6.1107883e-03 -1.9305563e-03  1.0000000e+00]
[ 0.00650144 -0.01046068  0.00859282  0.06052757 -0.00145046 -0.06615043  0.99607843], [ 1.0502421e-02  1.1995160e-02 -1.9299354e-02  7.0757188e-02  4.4468636e-04  1.4180285e-02  1.0000000e+00]
[ 0.00761981 -0.01758339  0.00261683 -0.04739485 -0.02556559 -0.02102009  0.        ], [ 0.00819511  0.01451905 -0.01488744  0.04570228  0.0176495   0.02846065  1.        ]
[-0.00177451 -0.00528052  0.00859282 -0.08060175 -0.0577191  -0.13223415  0.        ], [ 0.00132217  0.00495438 -0.00962774  0.02461779  0.019777    0.01380145  1.        ]
[-0.00132716 -0.00107164 -0.00465827 -0.00524763 -0.00814911 -0.0113493  0.99607843], [-0.00548838  0.00542302 -0.00282313  0.02275363 -0.00580586  0.00479269  1.        ]
[-0.00065614 -0.00204292 -0.00024124  0.00624706 -0.00279019 -0.0113493  0.        ], [-6.1595207e-03  5.6254612e-03 -4.6779099e-03  1.8530097e-02  1.4330369e-02 -4.4244705e-04  1.0000000e+00]
[ 3.37000054e-03 -4.24122512e-04 -7.60894359e-04 -3.84545345e-02  8.59750805e-03 -6.51390364e-03  9.96078431e-01], [-0.00528674  0.00599395 -0.00308491  0.0140399  -0.00770391 -0.00622651  1.        ]
[ 0.00806716 -0.01725963  0.00079806 -0.08060175 -0.08853287 -0.02585548  0.        ], [-9.3863276e-04  5.7414551e-03 -9.1454713e-03  7.4974615e-03 -1.3108612e-02  1.9175518e-02  1.0000000e+00]
[-0.00065614 -0.00107164  0.00105788  0.00752425  0.00993724  0.02088666  0.        ], [ 1.4153527e-03  1.0887626e-04 -2.0993145e-03 -4.8993733e-03 -7.7422340e-03  1.5546224e-02  5.9829098e-01]
[-2.22185549e-03 -1.00362692e-04 -1.02071963e-03  6.24706148e-03  1.22899628e-03 -6.51390364e-03  9.96078431e-01], [-0.00319305 -0.00386451  0.01933577 -0.1748065  -0.01983111 -0.03193416  0.        ]
[-0.00087981 -0.00107164  0.00157753 -0.03334578  0.02467426 -0.01779649  0.        ], [-0.01089371 -0.00827292  0.02864183 -0.4362668   0.10458104 -0.04637684  0.        ]
[-0.00401125 -0.00689932 -0.00154037 -0.08060175 -0.09255206 -0.11450437  0.        ], [-0.0019233  -0.00680681  0.00493765 -0.40655595  0.00178793  0.0064452  0.        ]
[0.02819784 0.04069337 0.04003167 0.08160118 0.07759357 0.20301985 0.99607843], [ 0.00449093  0.00460298  0.00451648 -0.34634176  0.08426514 -0.02228281  0.        ]
[ 0.0042647   0.00119468  0.00963212 -0.08060175 -0.0918822  -0.01618469  0.        ], [ 0.00148707 -0.00099693  0.00613039 -0.22260152  0.01174297  0.00080064  0.        ]
[ 0.01969822  0.01090747  0.02678058 -0.08060175 -0.09255206  0.00799228  0.        ], [ 0.00172698 -0.00046386  0.00640822 -0.13969672  0.05146339 -0.0262739  0.        ]
[ 0.02282966  0.02126779  0.01612775 -0.08060175  0.00591805  0.03055745  0.        ], [-0.00187602  0.00030501  0.00564449 -0.11016622 -0.02115336 -0.01667031  0.        ]
[ 2.28296595e-02  1.22025105e-02 -2.31984602e-03  4.99713421e-04 -7.80597846e-04 -6.67113405e-05  0.00000000e+00], [-8.6632375e-05 -1.2189999e-03  5.0463299e-03 -1.2761478e-01 -1.5767242e-03 -3.6476228e-02  0.0000000e+00]
[ 0.02797417  0.01285003 -0.00621723 -0.01738092  0.01127697 -0.09999819  0.        ], [-0.00563623 -0.00887857 -0.00664939 -0.06149014  0.0099304  -0.05065959  0.        ]
[ 0.01433004  0.01414507 -0.00569757 -0.00333185  0.00591805 -0.01618469  0.        ], [-0.00172719  0.00037948 -0.00156184 -0.09047705  0.03144833 -0.0491886  0.        ]
[ 2.38561160e-04 -1.00362692e-04  3.39631006e-03 -2.56826500e-02 -3.96327509e-02 -6.51390364e-03  4.39215686e-01], [ 0.00464689  0.00276731  0.00065581 -0.08658832  0.05157216 -0.03576834  0.        ]
[ 0.01611943  0.01317379  0.00443561 -0.03334578  0.00323859 -0.0081257  0.        ], [ 0.00276335 -0.00442987  0.00602804 -0.07583916  0.03871976 -0.03327494  0.        ]
[ 0.00515939 -0.0062518  -0.00128054 -0.02887562 -0.01618749 -0.01779649  0.99607843], [-1.4346397e-03 -7.6747201e-06  6.1584236e-03 -7.6061976e-03 -1.3391816e-02 -6.5596236e-05  0.0000000e+00]
[ 0.00113326 -0.00722308  0.00469544 -0.05569658 -0.09255206 -0.01618469  0.99607843], [-0.00289452  0.00120709  0.00295425  0.00774801  0.00455951  0.00052667  0.        ]
[ 0.01611943 -0.00819436  0.00235701 -0.08060175 -0.09255206 -0.13062236  0.99607843], [ 0.00351426  0.00063868 -0.00329896  0.23107064 -0.06157398  0.12868364  0.        ]
[ 0.01075125 -0.00819436  0.00755351 -0.08060175 -0.09255206 -0.01618469  0.99607843], [ 0.00490572  0.0129729   0.00343057  0.38909066 -0.13069288  0.25042588  0.        ]
[ 2.38561160e-04 -3.33796090e-03 -5.69757460e-03 -5.63351729e-02  2.26646669e-02 -8.71038073e-02  9.96078431e-01], [ 0.01294749  0.03991874  0.01851234  0.5703046  -0.250978    0.3014502  0.        ]
[ 0.01433004  0.01932523  0.00495526 -0.00333185  0.01797561  0.10792376  0.53333333], [0.00513352 0.00955009 0.01276755 0.343331   0.1272331  0.20113769 0.        ]
[ 0.01388269  0.0251529   0.00287666  0.00880144  0.07759357 -0.0129611  0.        ], [-0.00496564 -0.00769104 -0.00510637  0.15905395  0.0543558  -0.02222588  0.        ]
[ 0.00493572  0.01641139 -0.008036    0.00049971  0.07759357 -0.0129611  0.        ], [-0.00055857  0.00143554 -0.0075219  -0.05422367  0.00742563  0.04983683  0.        ]
